              precision    recall  f1-score   support

           0       0.98      0.89      0.93      5442
           1       0.89      0.74      0.81      1693
           2       0.41      0.83      0.55       466
           3       0.87      0.78      0.82      2232
           4       0.89      0.87      0.88      1153
           5       0.80      0.94      0.86       234
           6       0.70      0.88      0.78      1330
           7       0.16      0.78      0.26        41
           8       0.12      0.25      0.16        20
           9       0.51      0.83      0.63        30

    accuracy                           0.84     12641
   macro avg       0.63      0.78      0.67     12641
weighted avg       0.88      0.84      0.86     12641
