              precision    recall  f1-score   support

           0       0.86      0.80      0.83       576
           1       0.74      0.80      0.77       347
           2       0.50      0.84      0.63       200
           3       0.86      0.78      0.82       300
           4       0.61      0.72      0.66       300
           5       0.87      0.64      0.74       723
           6       0.52      0.85      0.64        20
           7       0.36      0.52      0.43        31
           8       0.79      0.95      0.86        20
           9       0.56      1.00      0.71        20

    accuracy                           0.75      2537
   macro avg       0.67      0.79      0.71      2537
weighted avg       0.78      0.75      0.75      2537
