              precision    recall  f1-score   support

           0       0.80      0.76      0.78       576
           1       0.75      0.75      0.75       347
           2       0.52      0.84      0.64       200
           3       0.77      0.75      0.76       300
           4       0.62      0.67      0.64       300
           5       0.80      0.66      0.72       723
           6       0.70      0.70      0.70        20
           7       0.34      0.48      0.40        31
           8       0.68      0.85      0.76        20
           9       0.90      0.90      0.90        20

    accuracy                           0.72      2537
   macro avg       0.69      0.74      0.71      2537
weighted avg       0.74      0.72      0.73      2537
