              precision    recall  f1-score   support

           0       0.80      0.73      0.76       576
           1       0.71      0.78      0.74       347
           2       0.58      0.70      0.64       200
           3       0.76      0.77      0.76       300
           4       0.49      0.77      0.60       300
           5       0.86      0.60      0.71       723
           6       0.59      0.65      0.62        20
           7       0.33      0.48      0.39        31
           8       0.86      0.90      0.88        20
           9       0.88      0.70      0.78        20

    accuracy                           0.71      2537
   macro avg       0.68      0.71      0.69      2537
weighted avg       0.74      0.71      0.71      2537


