              precision    recall  f1-score   support

           0       0.88      0.75      0.81       576
           1       0.78      0.79      0.78       347
           2       0.55      0.82      0.66       200
           3       0.77      0.83      0.80       300
           4       0.61      0.70      0.65       300
           5       0.84      0.69      0.76       723
           6       0.55      0.85      0.67        20
           7       0.34      0.55      0.42        31
           8       0.74      1.00      0.85        20
           9       0.78      0.90      0.84        20

    accuracy                           0.75      2537
   macro avg       0.68      0.79      0.72      2537
weighted avg       0.77      0.75      0.75      2537
