              precision    recall  f1-score   support

           0       0.98      0.91      0.94      5442
           1       0.85      0.85      0.85      1693
           2       0.77      0.69      0.73       466
           3       0.88      0.79      0.83      2232
           4       0.70      0.94      0.80      1153
           5       0.80      0.88      0.84       234
           6       0.75      0.86      0.80      1330
           7       0.31      0.68      0.43        41
           8       0.25      0.15      0.19        20
           9       0.55      0.87      0.68        30

    accuracy                           0.87     12641
   macro avg       0.68      0.76      0.71     12641
weighted avg       0.88      0.87      0.87     12641
