              precision    recall  f1-score   support

           0       0.81      0.76      0.79       576
           1       0.76      0.72      0.74       347
           2       0.58      0.83      0.68       200
           3       0.72      0.80      0.76       300
           4       0.55      0.72      0.63       300
           5       0.87      0.65      0.74       723
           6       0.52      0.85      0.64        20
           7       0.34      0.39      0.36        31
           8       0.70      0.95      0.81        20
           9       0.70      0.95      0.81        20

    accuracy                           0.73      2537
   macro avg       0.66      0.76      0.70      2537
weighted avg       0.75      0.73      0.73      2537
