              precision    recall  f1-score   support

           0       0.97      0.96      0.96      5442
           1       0.90      0.74      0.81      1693
           2       0.55      0.84      0.67       466
           3       0.89      0.79      0.84      2232
           4       0.91      0.88      0.90      1153
           5       0.77      0.93      0.84       234
           6       0.75      0.86      0.80      1330
           7       0.20      0.83      0.33        41
           8       0.24      0.35      0.29        20
           9       0.42      0.83      0.56        30

    accuracy                           0.87     12641
   macro avg       0.66      0.80      0.70     12641
weighted avg       0.89      0.87      0.88     12641
