              precision    recall  f1-score   support

           0       0.98      0.94      0.96      5442
           1       0.86      0.88      0.87      1693
           2       0.60      0.82      0.69       466
           3       0.89      0.82      0.86      2232
           4       0.90      0.87      0.89      1153
           5       0.71      0.93      0.81       234
           6       0.84      0.85      0.84      1330
           7       0.31      0.76      0.44        41
           8       0.27      0.50      0.35        20
           9       0.33      0.87      0.47        30

    accuracy                           0.89     12641
   macro avg       0.67      0.82      0.72     12641
weighted avg       0.90      0.89      0.89     12641


