              precision    recall  f1-score   support

           0       0.97      0.94      0.96      5442
           1       0.86      0.90      0.88      1693
           2       0.60      0.84      0.70       466
           3       0.89      0.82      0.85      2232
           4       0.90      0.89      0.89      1153
           5       0.76      0.94      0.84       234
           6       0.87      0.86      0.87      1330
           7       0.32      0.73      0.45        41
           8       0.23      0.50      0.32        20
           9       0.46      0.87      0.60        30

    accuracy                           0.89     12641
   macro avg       0.69      0.83      0.74     12641
weighted avg       0.90      0.89      0.90     12641
