              precision    recall  f1-score   support

           0       0.97      0.92      0.94      5442
           1       0.90      0.76      0.82      1693
           2       0.53      0.81      0.64       466
           3       0.88      0.80      0.84      2232
           4       0.86      0.88      0.87      1153
           5       0.61      0.97      0.75       234
           6       0.72      0.87      0.79      1330
           7       0.29      0.71      0.41        41
           8       0.23      0.55      0.33        20
           9       0.41      0.90      0.56        30

    accuracy                           0.86     12641
   macro avg       0.64      0.82      0.70     12641
weighted avg       0.88      0.86      0.87     12641
