              precision    recall  f1-score   support

           0       0.89      0.74      0.81       576
           1       0.75      0.76      0.76       347
           2       0.54      0.81      0.65       200
           3       0.86      0.78      0.82       300
           4       0.55      0.78      0.64       300
           5       0.85      0.68      0.75       723
           6       0.47      0.85      0.61        20
           7       0.34      0.52      0.41        31
           8       0.79      0.95      0.86        20
           9       0.78      0.90      0.84        20

    accuracy                           0.74      2537
   macro avg       0.68      0.78      0.71      2537
weighted avg       0.78      0.74      0.75      2537
